v1
1 fffb 0 0 128 128
20 ffff 0 0 128 128
200 fffb 0 0 128 128
220 ffff 0 0 128 128
300 fff7 0 0 128 128
320 ffff 0 0 128 128
400 fffb 0 0 128 128
420 ffff 0 0 128 128
600 fffb 0 0 128 128
620 ffff 0 0 128 128
800 fffb 0 0 128 128
820 ffff 0 0 128 128
1000 fffb 0 0 128 128
1020 ffff 0 0 128 128
1100 fff7 0 0 128 128
1120 ffff 0 0 128 128
1200 fffb 0 0 128 128
1220 ffff 0 0 128 128
1400 fffb 0 0 128 128
1420 ffff 0 0 128 128
1600 fffb 0 0 128 128
1620 ffff 0 0 128 128
1800 fffb 0 0 128 128
1820 ffff 0 0 128 128
2000 fffb 0 0 128 128
2020 ffff 0 0 128 128
2200 fffb 0 0 128 128
2220 ffff 0 0 128 128
2400 fffb 0 0 128 128
2420 ffff 0 0 128 128
2600 fffb 0 0 128 128
2620 ffff 0 0 128 128
2800 fffb 0 0 128 128
2820 ffff 0 0 128 128
3000 fffb 0 0 128 128
3020 ffff 0 0 128 128
3200 fffb 0 0 128 128
3220 ffff 0 0 128 128
3400 fffb 0 0 128 128
3420 ffff 0 0 128 128
